0.000000,
0.000000,
0.000000,
0.000000,
0.000000,
0.000000,
0.000000,
0.000000,
0.000000,
0.000000,
0.000000,
0.000000,
0.000000,
0.000000,
0.000000,
0.000000,
0.000000,
0.000000,
0.000000,
0.000000,
0.000000,
0.000000,
0.000000,
0.000000,
0.000000,
0.000000,
0.000000,
0.000000,
0.000000,
0.000000,
0.000000,
0.000000,
0.000000,
0.000000,
0.000000,
0.000000,
0.000000,
0.000000,
0.000000,
0.000000,
0.000000,
0.000000,
0.000000,
0.000000,
0.000000,
0.000000,
0.000000,
0.000000,
0.000000,
0.000000,
0.000000,
0.000000,
0.000000,
0.000000,
0.000007,
0.000024,
0.000059,
0.000112,
0.000199,
0.000340,
0.000562,
0.000890,
0.001353,
0.001992,
0.002857,
0.003971,
0.005378,
0.007133,
0.009261,
0.011806,
0.014816,
0.018318,
0.022355,
0.026964,
0.032176,
0.038026,
0.044548,
0.051773,
0.059728,
0.068448,
0.077958,
0.088286,
0.099462,
0.111505,
0.124448,
0.138313,
0.153125,
0.168910,
0.185689,
0.203491,
0.222333,
0.242244,
0.263242,
0.285354,
0.308598,
0.332939,
0.358254,
0.384363,
0.411125,
0.438391,
0.466003,
0.493800,
0.521619,
0.549301,
0.576692,
0.603648,
0.630036,
0.655736,
0.680643,
0.704669,
0.727739,
0.749797,
0.770798,
0.790717,
0.809536,
0.827256,
0.843881,
0.859432,
0.873929,
0.887408,
0.899900,
0.911448,
0.922096,
0.931881,
0.940860,
0.949064,
0.956550,
0.963352,
0.969513,
0.975078,
0.980072,
0.984542,
0.988500,
0.991984,
0.995003,
0.997630,
1.000000